#	J=1				J=2				J=3				J=4				J=5				J=6				J=7				J=8				J=9				J=10				J=11				J=12
1.00	0.66172439		1.00	0.66297097		1.00	0.66484084		1.00	0.66733400		1.00	0.67045044		1.00	0.67419018		1.00	0.67855320		1.00	0.68353952		1.00	0.68914912		1.00	0.69538202		1.00	0.70223820		1.00	0.70971767
1.20	0.47505620		1.20	0.47592188		1.20	0.47722040		1.20	0.47895176		1.20	0.48111596		1.20	0.48371300		1.20	0.48674287		1.20	0.49020559		1.20	0.49410115		1.20	0.49842955		1.20	0.50319078		1.20	0.50838486
1.40	0.34873228		1.40	0.34936829		1.40	0.35032231		1.40	0.35159432		1.40	0.35318435		1.40	0.35509238		1.40	0.35731841		1.40	0.35986245		1.40	0.36272449		1.40	0.36590454		1.40	0.36940259		1.40	0.37321865
1.60	0.26156244		1.60	0.26204938		1.60	0.26277980		1.60	0.26375369		1.60	0.26497105		1.60	0.26643188		1.60	0.26813619		1.60	0.27008397		1.60	0.27227522		1.60	0.27470994		1.60	0.27738814		1.60	0.28030981
1.80	0.20082746		1.80	0.20121220		1.80	0.20178932		1.80	0.20255882		1.80	0.20352068		1.80	0.20467492		1.80	0.20602153		1.80	0.20756052		1.80	0.20929188		1.80	0.21121561		1.80	0.21333172		1.80	0.21564020
2.00	0.15838892		2.00	0.15870057		2.00	0.15916803		2.00	0.15979132		2.00	0.16057043		2.00	0.16150537		2.00	0.16259612		2.00	0.16384270		2.00	0.16524510		2.00	0.16680333		2.00	0.16851737		2.00	0.17038724
2.20	0.12877235		2.20	0.12902991		2.20	0.12941624		2.20	0.12993136		2.20	0.13057525		2.20	0.13134792		2.20	0.13224938		2.20	0.13327961		2.20	0.13443862		2.20	0.13572640		2.20	0.13714297		2.20	0.13868832
2.40	0.10818824		2.40	0.10840466		2.40	0.10872929		2.40	0.10916213		2.40	0.10970318		2.40	0.11035244		2.40	0.11110991		2.40	0.11197559		2.40	0.11294948		2.40	0.11403158		2.40	0.11522189		2.40	0.11652041
2.60	0.09397763		2.60	0.09416204		2.60	0.09443864		2.60	0.09480745		2.60	0.09526847		2.60	0.09582168		2.60	0.09646710		2.60	0.09720472		2.60	0.09803454		2.60	0.09895657		2.60	0.09997080		2.60	0.10107723
2.80	0.08426006		2.80	0.08441906		2.80	0.08465757		2.80	0.08497557		2.80	0.08537308		2.80	0.08585008		2.80	0.08640659		2.80	0.08704260		2.80	0.08775811		2.80	0.08855312		2.80	0.08942764		2.80	0.09038165
3.00	0.07769932		3.00	0.07783783		3.00	0.07804559		3.00	0.07832261		3.00	0.07866888		3.00	0.07908440		3.00	0.07956918		3.00	0.08012322		3.00	0.08074651		3.00	0.08143905		3.00	0.08220085		3.00	0.08303190
3.20	0.07334371		3.20	0.07346545		3.20	0.07364805		3.20	0.07389153		3.20	0.07419587		3.20	0.07456108		3.20	0.07498715		3.20	0.07547410		3.20	0.07602191		3.20	0.07663059		3.20	0.07730014		3.20	0.07803056
3.40	0.07051564		3.40	0.07062347		3.40	0.07078523		3.40	0.07100090		3.40	0.07127049		3.40	0.07159399		3.40	0.07197142		3.40	0.07240276		3.40	0.07288802		3.40	0.07342720		3.40	0.07402029		3.40	0.07466731
3.60	0.06873382		3.60	0.06883000		3.60	0.06897428		3.60	0.06916666		3.60	0.06940712		3.60	0.06969568		3.60	0.07003234		3.60	0.07041708		3.60	0.07084992		3.60	0.07133086		3.60	0.07185988		3.60	0.07243700
3.80	0.06765821		3.80	0.06774454		3.80	0.06787403		3.80	0.06804669		3.80	0.06826251		3.80	0.06852149		3.80	0.06882364		3.80	0.06916895		3.80	0.06955743		3.80	0.06998907		3.80	0.07046388		3.80	0.07098185
4.00	0.06705046		4.00	0.06712837		4.00	0.06724524		4.00	0.06740106		4.00	0.06759584		4.00	0.06782957		4.00	0.06810226		4.00	0.06841390		4.00	0.06876450		4.00	0.06915406		4.00	0.06958257		4.00	0.07005004
4.20	0.06674534		4.20	0.06681600		4.20	0.06692201		4.20	0.06706334		4.20	0.06724001		4.20	0.06745201		4.20	0.06769935		4.20	0.06798202		4.20	0.06830003		4.20	0.06865337		4.20	0.06904204		4.20	0.06946604
4.40	0.06662989		4.40	0.06669428		4.40	0.06679086		4.40	0.06691964		4.40	0.06708061		4.40	0.06727378		4.40	0.06749914		4.40	0.06775670		4.40	0.06804645		4.40	0.06836840		4.40	0.06872254		4.40	0.06910888
4.60	0.06662828		4.60	0.06668719		4.60	0.06677556		4.60	0.06689338		4.60	0.06704066		4.60	0.06721740		4.60	0.06742359		4.60	0.06765924		4.60	0.06792434		4.60	0.06821890		4.60	0.06854292		4.60	0.06889639
4.80	0.06669066		4.80	0.06674476		4.80	0.06682592		4.80	0.06693413		4.80	0.06706939		4.80	0.06723171		4.80	0.06742107		4.80	0.06763749		4.80	0.06788097		4.80	0.06815149		4.80	0.06844907		4.80	0.06877370
5.00	0.06678512		5.00	0.06683498		5.00	0.06690977		5.00	0.06700950		5.00	0.06713416		5.00	0.06728375		5.00	0.06745827		5.00	0.06765772		5.00	0.06788210		5.00	0.06813142		5.00	0.06840567		5.00	0.06870485
5.20	0.06689199		5.20	0.06693809		5.20	0.06700724		5.20	0.06709944		5.20	0.06721469		5.20	0.06735300		5.20	0.06751435		5.20	0.06769876		5.20	0.06790621		5.20	0.06813672		5.20	0.06839028		5.20	0.06866688
5.40	0.06699963		5.40	0.06704238		5.40	0.06710650		5.40	0.06719200		5.40	0.06729887		5.40	0.06742712		5.40	0.06757675		5.40	0.06774775		5.40	0.06794012		5.40	0.06815387		5.40	0.06838899		5.40	0.06864549
5.60	0.06710170		5.60	0.06714145		5.60	0.06720107		5.60	0.06728058		5.60	0.06737995		5.60	0.06749920		5.60	0.06763833		5.60	0.06779733		5.60	0.06797621		5.60	0.06817496		5.60	0.06839359		5.60	0.06863210
5.80	0.06719510		5.80	0.06723216		5.80	0.06728775		5.80	0.06736186		5.80	0.06745450		5.80	0.06756567		5.80	0.06769537		5.80	0.06784359		5.80	0.06801035		5.80	0.06819563		5.80	0.06839944		5.80	0.06862178
6.00	0.06727875		6.00	0.06731337		6.00	0.06736531		6.00	0.06743457		6.00	0.06752114		6.00	0.06762502		6.00	0.06774621		6.00	0.06788472		6.00	0.06804054		6.00	0.06821368		6.00	0.06840413		6.00	0.06861189
6.20	0.06735265		6.20	0.06738508		6.20	0.06743372		6.20	0.06749858		6.20	0.06757965		6.20	0.06767694		6.20	0.06779044		6.20	0.06792016		6.20	0.06806609		6.20	0.06822824		6.20	0.06840660		6.20	0.06860117
6.40	0.06741744		6.40	0.06744787		6.40	0.06749352		6.40	0.06755439		6.40	0.06763048		6.40	0.06772178		6.40	0.06782830		6.40	0.06795003		6.40	0.06808699		6.40	0.06823916		6.40	0.06840655		6.40	0.06858915
6.60	0.06747403		6.60	0.06750265		6.60	0.06754558		6.60	0.06760281		6.60	0.06767436		6.60	0.06776021		6.60	0.06786037		6.60	0.06797484		6.60	0.06810362		6.60	0.06824671		6.60	0.06840410		6.60	0.06857581
6.80	0.06752339		6.80	0.06755035		6.80	0.06759079		6.80	0.06764470		6.80	0.06771210		6.80	0.06779298		6.80	0.06788733		6.80	0.06799517		6.80	0.06811649		6.80	0.06825128		6.80	0.06839955		6.80	0.06856131
7.00	0.06756646		7.00	0.06759190		7.00	0.06763006		7.00	0.06768094		7.00	0.06774454		7.00	0.06782086		7.00	0.06790991		7.00	0.06801167		7.00	0.06812615		7.00	0.06825335		7.00	0.06839327		7.00	0.06854591
7.20	0.06760410		7.20	0.06762815		7.20	0.06766422		7.20	0.06771231		7.20	0.06777243		7.20	0.06784457		7.20	0.06792873		7.20	0.06802492		7.20	0.06813313		7.20	0.06825336		7.20	0.06838562		7.20	0.06852990
7.40	0.06763708		7.40	0.06765985		7.40	0.06769399		7.40	0.06773952		7.40	0.06779643		7.40	0.06786473		7.40	0.06794440		7.40	0.06803546		7.40	0.06813790		7.40	0.06825172		7.40	0.06837692		7.40	0.06851351
7.60	0.06766606		7.60	0.06768764		7.60	0.06772001		7.60	0.06776317		7.60	0.06781713		7.60	0.06788188		7.60	0.06795741		7.60	0.06804374		7.60	0.06814086		7.60	0.06824877		7.60	0.06836747		7.60	0.06849696
7.80	0.06769159		7.80	0.06771208		7.80	0.06774282		7.80	0.06778379		7.80	0.06783502		7.80	0.06789649		7.80	0.06796820		7.80	0.06805016		7.80	0.06814236		7.80	0.06824481		7.80	0.06835750		7.80	0.06848044
8.00	0.06771415		8.00	0.06773363		8.00	0.06776284		8.00	0.06780180		8.00	0.06785049		8.00	0.06790893		8.00	0.06797710		8.00	0.06805501		8.00	0.06814266		8.00	0.06824005		8.00	0.06834718		8.00	0.06846404
8.20	0.06773413		8.20	0.06775267		8.20	0.06778048		8.20	0.06781756		8.20	0.06786391		8.20	0.06791953		8.20	0.06798441		8.20	0.06805857		8.20	0.06814200		8.20	0.06823469		8.20	0.06833666		8.20	0.06844790
8.40	0.06775189		8.40	0.06776955		8.40	0.06779605		8.40	0.06783139		8.40	0.06787556		8.40	0.06792856		8.40	0.06799039		8.40	0.06806106		8.40	0.06814056		8.40	0.06822889		8.40	0.06832606		8.40	0.06843206
8.60	0.06776768		8.60	0.06778454		8.60	0.06780982		8.60	0.06784353		8.60	0.06788567		8.60	0.06793623		8.60	0.06799522		8.60	0.06806264		8.60	0.06813849		8.60	0.06822276		8.60	0.06831546		8.60	0.06841659
8.80	0.06778176		8.80	0.06779786		8.80	0.06782201		8.80	0.06785420		8.80	0.06789445		8.80	0.06794274		8.80	0.06799908		8.80	0.06806347		8.80	0.06813591		8.80	0.06821639		8.80	0.06830493		8.80	0.06840151
9.00	0.06779433		9.00	0.06780972		9.00	0.06783280		9.00	0.06786358		9.00	0.06790206		9.00	0.06794823		9.00	0.06800209		9.00	0.06806365		9.00	0.06813290		9.00	0.06820985		9.00	0.06829450		9.00	0.06838684
9.20	0.06780556		9.20	0.06782029		9.20	0.06784238		9.20	0.06787184		9.20	0.06790866		9.20	0.06795284		9.20	0.06800439		9.20	0.06806330		9.20	0.06812958		9.20	0.06820322		9.20	0.06828422		9.20	0.06837259
9.40	0.06781562		9.40	0.06782972		9.40	0.06785089		9.40	0.06787910		9.40	0.06791437		9.40	0.06795670		9.40	0.06800607		9.40	0.06806251		9.40	0.06812599		9.40	0.06819653		9.40	0.06827413		9.40	0.06835877
9.60	0.06782462		9.60	0.06783815		9.60	0.06785844		9.60	0.06788549		9.60	0.06791931		9.60	0.06795988		9.60	0.06800723		9.60	0.06806133		9.60	0.06812220		9.60	0.06818983		9.60	0.06826422		9.60	0.06834538
9.80	0.06783268		9.80	0.06784566		9.80	0.06786513		9.80	0.06789109		9.80	0.06792354		9.80	0.06796248		9.80	0.06800791		9.80	0.06805983		9.80	0.06811824		9.80	0.06818314		9.80	0.06825453		9.80	0.06833241
10.00	0.06783993		10.00	0.06785239		10.00	0.06787109		10.00	0.06789602		10.00	0.06792719		10.00	0.06796458		10.00	0.06800821		10.00	0.06805808		10.00	0.06811417		10.00	0.06817650		10.00	0.06824506		10.00	0.06831986
10.25	0.06784796		10.25	0.06785982		10.25	0.06787762		10.25	0.06790135		10.25	0.06793101		10.25	0.06796661		10.25	0.06800814		10.25	0.06805560		10.25	0.06810899		10.25	0.06816831		10.25	0.06823357		10.25	0.06830476
10.50	0.06785497		10.50	0.06786627		10.50	0.06788323		10.50	0.06790585		10.50	0.06793411		10.50	0.06796804		10.50	0.06800761		10.50	0.06805284		10.50	0.06810372		10.50	0.06816025		10.50	0.06822244		10.50	0.06829028
10.75	0.06786111		10.75	0.06787189		10.75	0.06788807		10.75	0.06790965		10.75	0.06793662		10.75	0.06796898		10.75	0.06800673		10.75	0.06804988		10.75	0.06809842		10.75	0.06815236		10.75	0.06821169		10.75	0.06827641
11.00	0.06786649		11.00	0.06787679		11.00	0.06789224		11.00	0.06791285		11.00	0.06793860		11.00	0.06796951		11.00	0.06800557		11.00	0.06804678		11.00	0.06809314		11.00	0.06814465		11.00	0.06820131		11.00	0.06826312
11.25	0.06787121		11.25	0.06788106		11.25	0.06789584		11.25	0.06791554		11.25	0.06794016		11.25	0.06796971		11.25	0.06800418		11.25	0.06804358		11.25	0.06808790		11.25	0.06813715		11.25	0.06819132		11.25	0.06825042
11.50	0.06787535		11.50	0.06788477		11.50	0.06789891		11.50	0.06791776		11.50	0.06794133		11.50	0.06796961		11.50	0.06800260		11.50	0.06804030		11.50	0.06808272		11.50	0.06812985		11.50	0.06818169		11.50	0.06823824
11.75	0.06787899		11.75	0.06788802		11.75	0.06790156		11.75	0.06791962		11.75	0.06794219		11.75	0.06796928		11.75	0.06800088		11.75	0.06803700		11.75	0.06807763		11.75	0.06812277		11.75	0.06817243		11.75	0.06822661
12.00	0.06788217		12.00	0.06789083		12.00	0.06790382		12.00	0.06792113		12.00	0.06794277		12.00	0.06796874		12.00	0.06799904		12.00	0.06803367		12.00	0.06807262		12.00	0.06811591		12.00	0.06816352		12.00	0.06821546
12.25	0.06788499		12.25	0.06789329		12.25	0.06790575		12.25	0.06792237		12.25	0.06794314		12.25	0.06796806		12.25	0.06799713		12.25	0.06803036		12.25	0.06806774		12.25	0.06810928		12.25	0.06815497		12.25	0.06820481
12.50	0.06788745		12.50	0.06789543		12.50	0.06790740		12.50	0.06792336		12.50	0.06794330		12.50	0.06796724		12.50	0.06799516		12.50	0.06802707		12.50	0.06806297		12.50	0.06810286		12.50	0.06814674		12.50	0.06819461
12.75	0.06788963		12.75	0.06789730		12.75	0.06790880		12.75	0.06792413		12.75	0.06794331		12.75	0.06796631		12.75	0.06799315		12.75	0.06802382		12.75	0.06805833		12.75	0.06809667		12.75	0.06813885		12.75	0.06818486
13.00	0.06789154		13.00	0.06789892		13.00	0.06790998		13.00	0.06792474		13.00	0.06794318		13.00	0.06796531		13.00	0.06799112		13.00	0.06802063		13.00	0.06805382		13.00	0.06809070		13.00	0.06813127		13.00	0.06817553
13.25	0.06789324		13.25	0.06790034		13.25	0.06791099		13.25	0.06792519		13.25	0.06794294		13.25	0.06796424		13.25	0.06798909		13.25	0.06801749		13.25	0.06804945		13.25	0.06808495		13.25	0.06812400		13.25	0.06816660
13.50	0.06789473		13.50	0.06790157		13.50	0.06791183		13.50	0.06792551		13.50	0.06794261		13.50	0.06796313		13.50	0.06798707		13.50	0.06801443		13.50	0.06804521		13.50	0.06807941		13.50	0.06811703		13.50	0.06815807
13.75	0.06789605		13.75	0.06790264		13.75	0.06791253		13.75	0.06792572		13.75	0.06794220		13.75	0.06796198		13.75	0.06798506		13.75	0.06801143		13.75	0.06804110		13.75	0.06807407		13.75	0.06811034		13.75	0.06814990
14.00	0.06789722		14.00	0.06790358		14.00	0.06791312		14.00	0.06792584		14.00	0.06794174		14.00	0.06796082		14.00	0.06798308		14.00	0.06800852		14.00	0.06803714		14.00	0.06806894		14.00	0.06810392		14.00	0.06814208
14.25	0.06789826		14.25	0.06790440		14.25	0.06791361		14.25	0.06792589		14.25	0.06794124		14.25	0.06795965		14.25	0.06798114		14.25	0.06800570		14.25	0.06803332		14.25	0.06806401		14.25	0.06809778		14.25	0.06813461
14.50	0.06789918		14.50	0.06790511		14.50	0.06791400		14.50	0.06792586		14.50	0.06794069		14.50	0.06795847		14.50	0.06797922		14.50	0.06800294		14.50	0.06802962		14.50	0.06805927		14.50	0.06809188		14.50	0.06812745
14.75	0.06790000		14.75	0.06790573		14.75	0.06791433		14.75	0.06792579		14.75	0.06794011		14.75	0.06795730		14.75	0.06797735		14.75	0.06800027		14.75	0.06802606		14.75	0.06805471		14.75	0.06808622		14.75	0.06812060
15.00	0.06790074		15.00	0.06790628		15.00	0.06791459		15.00	0.06792567		15.00	0.06793952		15.00	0.06795614		15.00	0.06797553		15.00	0.06799769		15.00	0.06802262		15.00	0.06805032		15.00	0.06808080		15.00	0.06811404
15.50	0.06790196		15.50	0.06790715		15.50	0.06791493		15.50	0.06792531		15.50	0.06793828		15.50	0.06795384		15.50	0.06797200		15.50	0.06799276		15.50	0.06801611		15.50	0.06804205		15.50	0.06807059		15.50	0.06810172
16.00	0.06790294		16.00	0.06790781		16.00	0.06791511		16.00	0.06792485		16.00	0.06793702		16.00	0.06795163		16.00	0.06796867		16.00	0.06798815		16.00	0.06801007		16.00	0.06803441		16.00	0.06806119		16.00	0.06809041
16.50	0.06790371		16.50	0.06790829		16.50	0.06791516		16.50	0.06792432		16.50	0.06793577		16.50	0.06794950		16.50	0.06796553		16.50	0.06798384		16.50	0.06800445		16.50	0.06802734		16.50	0.06805253		16.50	0.06808000
17.00	0.06790435		17.00	0.06790866		17.00	0.06791513		17.00	0.06792376		17.00	0.06793454		17.00	0.06794748		17.00	0.06796258		17.00	0.06797983		17.00	0.06799924		17.00	0.06802081		17.00	0.06804453		17.00	0.06807042
17.50	0.06790486		17.50	0.06790893		17.50	0.06791503		17.50	0.06792317		17.50	0.06793335		17.50	0.06794556		17.50	0.06795981		17.50	0.06797609		17.50	0.06799441		17.50	0.06801476		17.50	0.06803715		17.50	0.06806157
18.00	0.06790526		18.00	0.06790911		18.00	0.06791488		18.00	0.06792258		18.00	0.06793219		18.00	0.06794374		18.00	0.06795720		18.00	0.06797259		18.00	0.06798991		18.00	0.06800914		18.00	0.06803030		18.00	0.06805339
18.50	0.06790560		18.50	0.06790924		18.50	0.06791471		18.50	0.06792199		18.50	0.06793110		18.50	0.06794202		18.50	0.06795477		18.50	0.06796934		18.50	0.06798573		18.50	0.06800394		18.50	0.06802398		18.50	0.06804583
19.00	0.06790586		19.00	0.06790932		19.00	0.06791450		19.00	0.06792140		19.00	0.06793004		19.00	0.06794039		19.00	0.06795248		19.00	0.06796629		19.00	0.06798183		19.00	0.06799910		19.00	0.06801809		19.00	0.06803881
19.50	0.06790609		19.50	0.06790937		19.50	0.06791429		19.50	0.06792084		19.50	0.06792904		19.50	0.06793887		19.50	0.06795035		19.50	0.06796346		19.50	0.06797821		19.50	0.06799460		19.50	0.06801263		19.50	0.06803230
20.00	0.06790627		20.00	0.06790939		20.00	0.06791406		20.00	0.06792029		20.00	0.06792808		20.00	0.06793743		20.00	0.06794834		20.00	0.06796081		20.00	0.06797483		20.00	0.06799041		20.00	0.06800755		20.00	0.06802625
21.00	0.06790654		21.00	0.06790936		21.00	0.06791360		21.00	0.06791926		21.00	0.06792632		21.00	0.06793480		21.00	0.06794470		21.00	0.06795600		21.00	0.06796872		21.00	0.06798286		21.00	0.06799840		21.00	0.06801536
22.00	0.06790672		22.00	0.06790930		22.00	0.06791316		22.00	0.06791831		22.00	0.06792475		22.00	0.06793248		22.00	0.06794149		22.00	0.06795180		22.00	0.06796339		22.00	0.06797626		22.00	0.06799043		22.00	0.06800588
23.00	0.06790685		23.00	0.06790921		23.00	0.06791274		23.00	0.06791745		23.00	0.06792334		23.00	0.06793041		23.00	0.06793866		23.00	0.06794809		23.00	0.06795869		23.00	0.06797047		23.00	0.06798343		23.00	0.06799757
24.00	0.06790694		24.00	0.06790911		24.00	0.06791235		24.00	0.06791668		24.00	0.06792209		24.00	0.06792858		24.00	0.06793616		24.00	0.06794481		24.00	0.06795455		24.00	0.06796537		24.00	0.06797728		24.00	0.06799026
25.00	0.06790700		25.00	0.06790899		25.00	0.06791198		25.00	0.06791597		25.00	0.06792096		25.00	0.06792694		25.00	0.06793392		25.00	0.06794190		25.00	0.06795088		25.00	0.06796085		25.00	0.06797182		25.00	0.06798379
26.00	0.06790703		26.00	0.06790888		26.00	0.06791164		26.00	0.06791533		26.00	0.06791994		26.00	0.06792547		26.00	0.06793193		26.00	0.06793930		26.00	0.06794760		26.00	0.06795682		26.00	0.06796696		26.00	0.06797803
27.00	0.06790706		27.00	0.06790877		27.00	0.06791133		27.00	0.06791475		27.00	0.06791903		27.00	0.06792416		27.00	0.06793014		27.00	0.06793698		27.00	0.06794468		27.00	0.06795323		27.00	0.06796263		27.00	0.06797289
28.00	0.06790707		28.00	0.06790866		28.00	0.06791104		28.00	0.06791422		28.00	0.06791820		28.00	0.06792297		28.00	0.06792853		28.00	0.06793489		28.00	0.06794205		28.00	0.06795000		28.00	0.06795874		28.00	0.06796828
29.00	0.06790708		29.00	0.06790856		29.00	0.06791079		29.00	0.06791375		29.00	0.06791746		29.00	0.06792190		29.00	0.06792709		29.00	0.06793302		29.00	0.06793969		29.00	0.06794710		29.00	0.06795525		29.00	0.06796415
30.00	0.06790708		30.00	0.06790846		30.00	0.06791054		30.00	0.06791331		30.00	0.06791677		30.00	0.06792093		30.00	0.06792577		30.00	0.06793132		30.00	0.06793755		30.00	0.06794447		30.00	0.06795209		30.00	0.06796040
31.00	0.06790707		31.00	0.06790837		31.00	0.06791032		31.00	0.06791291		31.00	0.06791615		31.00	0.06792005		31.00	0.06792459		31.00	0.06792977		31.00	0.06793561		31.00	0.06794210		31.00	0.06794923		31.00	0.06795702
32.00	0.06790707		32.00	0.06790829		32.00	0.06791012		32.00	0.06791255		32.00	0.06791560		32.00	0.06791925		32.00	0.06792351		32.00	0.06792838		32.00	0.06793386		32.00	0.06793994		32.00	0.06794664		32.00	0.06795394
33.00	0.06790708		33.00	0.06790822		33.00	0.06790994		33.00	0.06791223		33.00	0.06791509		33.00	0.06791852		33.00	0.06792253		33.00	0.06792711		33.00	0.06793226		33.00	0.06793798		33.00	0.06794428		33.00	0.06795115
34.00	0.06790707		34.00	0.06790815		34.00	0.06790977		34.00	0.06791192		34.00	0.06791462		34.00	0.06791785		34.00	0.06792163		34.00	0.06792594		34.00	0.06793079		34.00	0.06793619		34.00	0.06794212		34.00	0.06794859
35.00	0.06790706		35.00	0.06790808		35.00	0.06790961		35.00	0.06791164		35.00	0.06791419		35.00	0.06791724		35.00	0.06792080		35.00	0.06792487		35.00	0.06792945		35.00	0.06793454		35.00	0.06794014		35.00	0.06794624
36.00	0.06790705		36.00	0.06790801		36.00	0.06790946		36.00	0.06791138		36.00	0.06791378		36.00	0.06791667		36.00	0.06792004		36.00	0.06792388		36.00	0.06792821		36.00	0.06793302		36.00	0.06793831		36.00	0.06794408
37.00	0.06790705		37.00	0.06790796		37.00	0.06790932		37.00	0.06791115		37.00	0.06791342		37.00	0.06791615		37.00	0.06791934		37.00	0.06792298		37.00	0.06792708		37.00	0.06793163		37.00	0.06793664		37.00	0.06794210
38.00	0.06790704		38.00	0.06790790		38.00	0.06790919		38.00	0.06791092		38.00	0.06791308		38.00	0.06791567		38.00	0.06791869		38.00	0.06792214		38.00	0.06792603		38.00	0.06793034		38.00	0.06793509		38.00	0.06794027
39.00	0.06790703		39.00	0.06790785		39.00	0.06790908		39.00	0.06791072		39.00	0.06791277		39.00	0.06791523		39.00	0.06791810		39.00	0.06792138		39.00	0.06792507		39.00	0.06792916		39.00	0.06793367		39.00	0.06793859
40.00	0.06790702		40.00	0.06790780		40.00	0.06790897		40.00	0.06791053		40.00	0.06791248		40.00	0.06791482		40.00	0.06791754		40.00	0.06792066		40.00	0.06792417		40.00	0.06792806		40.00	0.06793235		40.00	0.06793702
42.00	0.06790702		42.00	0.06790772		42.00	0.06790878		42.00	0.06791020		42.00	0.06791196		42.00	0.06791408		42.00	0.06791656		42.00	0.06791938		42.00	0.06792256		42.00	0.06792610		42.00	0.06792998		42.00	0.06793422
44.00	0.06790700		44.00	0.06790764		44.00	0.06790861		44.00	0.06790990		44.00	0.06791151		44.00	0.06791344		44.00	0.06791569		44.00	0.06791827		44.00	0.06792117		44.00	0.06792439		44.00	0.06792793		44.00	0.06793179
46.00	0.06790699		46.00	0.06790758		46.00	0.06790846		46.00	0.06790964		46.00	0.06791111		46.00	0.06791288		46.00	0.06791494		46.00	0.06791730		46.00	0.06791995		46.00	0.06792289		46.00	0.06792613		46.00	0.06792967
48.00	0.06790699		48.00	0.06790753		48.00	0.06790834		48.00	0.06790942		48.00	0.06791077		48.00	0.06791240		48.00	0.06791429		48.00	0.06791645		48.00	0.06791889		48.00	0.06792159		48.00	0.06792457		48.00	0.06792782
50.00	0.06790697		50.00	0.06790747		50.00	0.06790822		50.00	0.06790922		50.00	0.06791047		50.00	0.06791196		50.00	0.06791371		50.00	0.06791570		50.00	0.06791794		50.00	0.06792044		50.00	0.06792318		50.00	0.06792617
55.00	0.06790695		55.00	0.06790737		55.00	0.06790798		55.00	0.06790881		55.00	0.06790984		55.00	0.06791107		55.00	0.06791252		55.00	0.06791416		55.00	0.06791602		55.00	0.06791808		55.00	0.06792035		55.00	0.06792282
60.00	0.06790694		60.00	0.06790728		60.00	0.06790780		60.00	0.06790849		60.00	0.06790936		60.00	0.06791040		60.00	0.06791161		60.00	0.06791300		60.00	0.06791455		60.00	0.06791629		60.00	0.06791819		60.00	0.06792027
65.00	0.06790692		65.00	0.06790722		65.00	0.06790766		65.00	0.06790825		65.00	0.06790899		65.00	0.06790987		65.00	0.06791091		65.00	0.06791209		65.00	0.06791341		65.00	0.06791489		65.00	0.06791651		65.00	0.06791828
70.00	0.06790691		70.00	0.06790717		70.00	0.06790755		70.00	0.06790806		70.00	0.06790869		70.00	0.06790946		70.00	0.06791035		70.00	0.06791137		70.00	0.06791251		70.00	0.06791378		70.00	0.06791518		70.00	0.06791671
75.00	0.06790691		75.00	0.06790713		75.00	0.06790746		75.00	0.06790790		75.00	0.06790846		75.00	0.06790912		75.00	0.06790990		75.00	0.06791078		75.00	0.06791178		75.00	0.06791289		75.00	0.06791411		75.00	0.06791544
80.00	0.06790690		80.00	0.06790709		80.00	0.06790739		80.00	0.06790778		80.00	0.06790826		80.00	0.06790885		80.00	0.06790953		80.00	0.06791031		80.00	0.06791118		80.00	0.06791216		80.00	0.06791323		80.00	0.06791440
85.00	0.06790689		85.00	0.06790707		85.00	0.06790732		85.00	0.06790767		85.00	0.06790810		85.00	0.06790862		85.00	0.06790922		85.00	0.06790991		85.00	0.06791069		85.00	0.06791155		85.00	0.06791250		85.00	0.06791354
90.00	0.06790689		90.00	0.06790704		90.00	0.06790727		90.00	0.06790758		90.00	0.06790797		90.00	0.06790843		90.00	0.06790897		90.00	0.06790958		90.00	0.06791027		90.00	0.06791104		90.00	0.06791189		90.00	0.06791281
95.00	0.06790688		95.00	0.06790702		95.00	0.06790723		95.00	0.06790751		95.00	0.06790785		95.00	0.06790827		95.00	0.06790875		95.00	0.06790930		95.00	0.06790992		95.00	0.06791061		95.00	0.06791137		95.00	0.06791220
100.00	0.06790688		100.00	0.06790701		100.00	0.06790719		100.00	0.06790744		100.00	0.06790775		100.00	0.06790813		100.00	0.06790856		100.00	0.06790906		100.00	0.06790962		100.00	0.06791025		100.00	0.06791093		100.00	0.06791168
